80 40
00000000000000000000000000000000000000000000000000000000000000000000000000000000
00000000000000000000000000000000000000000000000000000000000000000000000000000000
00000000000000000000000000000000000000000000000000000000000000000000000000000000
00000000000000000000000000000000000000000000000000000000000000000000000000000000
00000000000000000000000000000000000000000000000000000000000002222222222222220000
00000000000000000000000000000000000000000000000000000000000002111111111111320000
00222222222222222220000000000000000000000000000000000000000002111111111111120000
00211111111111111120000000000000000000000000000000000000000002111111111111120000
00211111111111111120000022222222222222200000000000000000000002111111111111120000
00211111111111111120000021111111111111200000000000000000000002111111111111120000
00211111111111111120000021111111111111200000000000000000000002111111111111120000
00211111111111111120000021111111111111200000022222222222200002111111111111120000
00211111111111111120000021111111111111200000021111111111200002111111111111120000
00211111111111111120000021111111111111222222221111111111200002111111111111120000
00211111111111111120000021111111111111111111111111111111200002111111111111120000
00211111111111111120000021111111111111222222221111111111200002111111111111120000
00211111111111111120000021111111111111200000021111111111200002111111111111120000
00211111111111111120000021111111111111200000021111111111222222111111111111120000
00211111111111111120000021111111111111200000021111111111111111111111111111120000
00222221222222222220000021111111111111200000021111111111222222222222122222220000
00222221222220000000000021111111111111200000021111111111200000000002120000000000
00211111111120000000000022222221222222200000021111111111200000000002120000000000
00211111111120000000000000000021200000000000021111111111200000000002120000000000
00211111111120000000000000000021222222222222021111111111200000000002120000000000
00211111111120000000000000000021221111111112021111111111200000000002120000000000
00211111111122222222222222222221221111111112021111111111200000000002120000000000
00211111111111111111111111111121221111111112022222222222200000000002120000000000
00211111111122111111111111111121221111111112000000000000000002222222122222200000
00211111111122111111111111111121221111111112000000000000000002111111111111200000
00211111111122111111111111111121221111111112000000000000000002111111111111200000
00211111111122111111111111111111111111111112000000000000000002111111111111200000
00211111111122111111111111111122221111111112000000000000000002111111111111200000
00211111111122111111111111111120021111111112000000000000000002111111111111200000
00222222222222111111111111111120021111111112000000000000000002111111111111200000
00000000000002111111111111111120021111111112000000000000000002111111111111200000
00000000000002222222222222222220021111111112000000000000000002111111111111200000
00000000000000000000000000000000021111111112000000000000000002111111111111200000
00000000000000000000000000000000021111111112000000000000000002111111111111200000
00000000000000000000000000000000022222222222000000000000000002111111111111200000
00000000000000000000000000000000000000000000000000000000000002222222222222200000
