80 40
00000000000000000000000000000000000000000000000000000000000000000000000000000000
00000000000000000000000000000000000000000000000000000000000000000000000000000000
00000000000000000222222222222222200000000000000000000000000000000000000000000000
00000000000000000211111111111111200000000000000000000000000000000000000000000000
00000000000000000211111111111111200000000000000000000000000000000000000000000000
00000000000000000211111111111111200000000000000000000000000000000000000000000000
00000000000000000211111111111111200000000000000000000000000000000000000000000000
00000000000000000211111111111111200000000000000000000000000000000000000000000000
00000000000000000211111111111111200000000000000000000000000000000000000000000000
00000000000000000211111111111111200000000000000000000000000000000000000000000000
00000000000000000211111111111111200000000000000000000000000000000000000000000000
00000000000000000211111111111111200000000000000000000000000022222222222222220000
00000000000000000211111111111111200000002222222222222222000021111111111111120000
02222222222200000211111111111111200000002111111111111112000021111111111111120000
02111111111200000211111111111111200000002111111111111112000021111111111111120000
02111111111200000211111111111111200000002111111111111112222221111111111111120000
02111111111200000211111111111111200000002111111111111111111111111111111111120000
02111111111200000211111111111111200000002111111111111112222221111111111111120000
02111111111200000211111111111111200000002111111111111112000021111111111111120000
02111111111200000221222222222222200000002111111111111112000021111111111111120000
02111111111222222221222222222222222200002111111111111112000021111111111111120000
02111111111111111111111111111111111120002222222212222222000021111111111111120000
02111111111222222221222222222222222120000000000212000000000021222222222222220000
02111111111200222221222220000000002120000000000212000000000021200000000000000000
02111111111200211111111120000000002120000000000212000000000021200000000000000000
02111111111200211111111120022222222122222220000212000000000021200000000000000000
02111111111200211111111120021111111111111120000212000022222221222222200000000000
02111111111200211111111120021111111111111120000212000021111111111111200000000000
02111111111222211111111120021111111111111120000212000021111111111111200000000000
02222211111111111111111120021111111111111120000212000021111111111111200000000000
00000022222222211111111120021111111111111120000212000021111111111111200000000000
00000000000000211111111120021111111111111122222212000021111111111111200000000000
00000000000000211111111120021111111111111111111112000021111111111111200000000000
00000000000000211111111120021111111111111122222220000021111111111111200000000000
00000000000000211111111120021111111111111120000000000021111111111111200000000000
00000000000000211111111120021111111111111120000000000021111111111111200000000000
00000000000000222222222220021111111111111120000000000021111111111111200000000000
00000000000000000000000000021111111111111120000000000021111111111111200000000000
00000000000000000000000000021111111111111120000000000022222222222222200000000000
00000000000000000000000000022222222222222220000000000000000000000000000000000000
